.........
.........
.........
..3......
..4...6..
......7..
.........
.........
.........

Killer: ((2,0), (3,0)): 4
Killer: ((2,1), (2,2)): 13
Killer: ((2,3), (3,3)): 11
Killer: ((1,5), (2,5)): 7
Killer: ((1,7), (1,8), (2,7)): 6
Killer: ((2,8), (3, 8)): 17
Killer: ((5,0), (6, 0)): 6
Killer: ((6,1), (7, 0), (7, 1)): 24
Killer: ((6, 3), (7, 3)): 16
Killer: ((5, 5), (6, 5)): 9
Killer: ((6, 6), (6, 7)): 8
Killer: ((5, 8), (6, 8)): 7
Killer: ((1,6), (2,6),(3,5), (3,6), (3,7), (4,5), (4,7), (4,8), (5,7)): 45
Killer: ((3,1), (4,0), (4,1), (4,3), (5, 1), (5, 2), (5,3), (6, 2), (7, 2)): 45