.........
.........
.........
.........
.........
.........
.........
.........
.........

Renban: ((0, 2), (1, 3))
Renban: ((0, 6), (1, 6), (2, 6))
Renban: ((0, 7), (1, 8))
Renban: ((2, 1), (2, 2), (2, 3))
Renban: ((4, 2), (3, 3), (3, 4))
Renban: ((5, 4), (5, 5), (4, 6))
Renban: ((6, 2), (7, 2), (8, 2))
Renban: ((6, 5), (6, 6), (6, 7))
Renban: ((7, 0), (8, 1))
Renban: ((7, 5), (8, 6))
Quadruple: ((1, 0), (1, 1), (2, 0), (2, 1)): 1, 2, 3, 4
Quadruple: ((1, 7), (1, 8), (2, 7), (2, 8)): 4, 5, 9
Quadruple: ((2, 3), (2, 4), (3, 3), (3, 4)): 6, 7, 8, 9
Quadruple: ((5, 4), (5, 5), (6, 4), (6, 5)): 1, 2, 3, 4
Quadruple: ((6, 0), (6, 1), (7, 0), (7, 1)): 1, 5, 6
Quadruple: ((6, 7), (6, 8), (7, 7), (7, 8)): 6, 7, 8, 9