.........
.........
.........
.........
.........
.........
.........
.........
.........

Killer: ((0,1), (0, 2)): 11
Killer: ((0, 6), (0, 7), (1, 6)): 6
Killer: ((1, 8), (2, 7), (2, 8)): 24
Killer: ((1, 0), (2, 0)): 5
Killer: ((4, 3), (5, 3), (5, 4)): 13
Killer: ((6, 0), (6, 1), (7, 0)): 24
Killer: ((6, 7), (6, 8)): 11
Killer: ((8, 7), (8, 8)): 8
Diagonal: Positive
Thermometer: ((8, 4), (7, 3), (6, 2), (5, 1), (4, 0), (3, 0))
Thermometer: ((6, 7), (5, 7), (4, 6), (3, 5), (2, 4), (1, 3))

Solution:
892675314
157943268
436182597
621457983
578391642
349826751
783564129
915238476
264719835
