.........
.........
.........
.........
.........
.........
.........
.........
.........
renban: ((1, 0), (2, 1), (3, 0))
renban: ((4, 0), (4, 1), (4, 2))
renban: ((3, 3), (4, 4), (4, 5))
renban: ((4, 6), (4, 7), (4, 8))
renban: ((6, 0), (6, 1), (7, 1))
renban: ((8, 3), (7, 4), (6, 5))
arrow: ((2, 3), (1, 4), (0, 4))
arrow: ((2, 3), (3, 2), (3, 1))
arrow: ((0, 5), (0, 6), (1, 7))
arrow: ((2, 5), (3, 6), (3, 7))
arrow: ((3, 8), (4, 8), (5, 8), (6, 8))
arrow: ((4, 3), (5, 3), (5, 4), (5, 5), (6, 4))
arrow: ((7, 5), (6, 6), (5, 7))
arrow: ((8, 0), (8, 1), (8, 2), (8, 3))
