.........
.........
.........
.........
.........
.........
.........
.........
.........
quadruple: ((0, 3), (0, 4), (1, 3), (1,4)): 2, 4, 6, 8
quadruple: ((2, 5), (2, 6), (3, 5), (3,6)): 2, 3, 4, 6
quadruple: ((3, 0), (3, 1), (4, 0), (4,1)): 1, 3, 7, 9
quadruple: ((3, 3), (3, 4), (4, 3), (4, 4)): 8
quadruple: ((3, 6), (3, 7), (4, 6), (4, 7)): 2, 3, 4, 9
quadruple: ((5, 2), (5, 3), (6, 2), (6, 3)): 1, 2, 3, 7
quadruple: ((6, 3), (6, 4), (7, 3), (7, 4)): 1, 2, 5, 7
killer: ((0, 5), (0, 6), (0, 7), (1, 5), (2, 5)): 15
killer: ((2, 2), (2, 3), (2, 4), (3, 2), (4, 2)): 31
killer: ((5, 0), (5, 1), (5, 2), (6, 0), (7, 0)): 15
killer: ((4, 6), (5, 6), (6, 4), (6, 5), (6, 6)): 15
