.........
.........
.........
.........
.........
.........
.........
.........
.........
kropki: ((1, 7), (1, 8)): black
kropki: ((4, 3), (4, 4)): black
kropki: ((6, 0), (7, 0)): black
Renban: ((0, 7), (0, 8), (1, 8))
Renban: ((3, 5), (4, 6), (4, 7), (4, 8))
Renban: ((4, 0), (4, 1), (4, 2), (5, 3))
Renban: ((7, 0), (8, 0), (8, 1))
Renban: ((7, 5), (8, 6), (7, 7))
Region Sum: ((0, 4), (0, 5), (1, 5), (2, 6))
Region Sum: ((3, 1), (2, 2), (3, 3), (4, 4), (5, 5), (6, 6), (5, 7))
Region Sum: ((5, 0), (5, 1), (6, 2), (7, 3), (8, 3), (8, 4))
