.........
.........
.........
.........
.........
.........
.........
.........
.........

Diagonal: negative
Kropki: ((7, 4), (7, 5)): black
Entropic: ((1, 4), (2, 5), (3, 6), (4, 7))
Entropic: ((5, 0), (6, 0), (7, 1), (8, 2), (8, 3))
Arrow: ((1, 1), (0, 2), (1, 2), (2, 2), (2, 3))
Arrow: ((1, 1), (2, 1), (3, 0))
Arrow: ((0, 8), (1, 8), (1, 7))
Arrow: ((4, 4), (4, 3), (3, 2))
Arrow: ((4, 4), (5, 5), (4, 5), (3, 5), (2,6))
Arrow: ((5, 1), (6, 2), (7, 3))
Arrow: ((7, 7), (6, 8), (6, 7), (6, 6), (5, 6))
Arrow: ((7, 7), (7, 6), (8, 5))